%4180

world_points_80 = [
    0,0,0,1;
    64,0,0,1;
    0,0,29,1;
    48,16,29,1;
    140,40,0,1;
    140,60,0,1;
    32,48,67,1;
    180,100,0,1;
    180,140,0,1;

];

image_points_80 = 1000*[
    0.7435,    2.1075;
    1.4915,    1.8755;
    0.6995,   1.8395;
    1.2235,    1.3595;
    2.0395,    1.3715;
    1.9395,    1.2675;
    0.9035,    0.9835;
    2.0555,    1.0075;
    1.8955,    0.8635;
];

%4181

world_points_81 = [
    0,0,0,1;
    0,64,0,1;
    0,0,29,1;
    0,80,29,1;
    140,40,0,1;
    140,60,0,1;
    32,48,67,1;
    180,100,0,1;
    180,140,0,1;

];

image_points_81 = 1000*[
    1.9595,    2.0395;
    1.2955,    1.8275;
    1.9715,    1.7875;
    1.1035,    1.5395;
    1.9835,    1.0795;
    1.8275,    1.0475;
    1.5475,    1.0795;
    1.6475,    0.8475;
    1.3875,    0.8035;
];

%4184

world_points_84 = [
    64,64,0,1;
    0,64,19,1;
    64,64,29,1;
    32,80,67,1;
    40,120,0,1;
    180,140,0,1;
    120,180,0,1;
    60,160,0,1;
    140,100,0,1;

];

image_points_84 = 1000*[
    1.9795,    0.9995;
    2.6555,    0.9355;
    1.9835,    0.7475;
    2.2915,    0.4515;
    1.9915,    1.3835;
    0.5555,    1.1515;
    0.7715,    1.5555;
    1.5555,    1.6195;
    1.1155,    1.0395;
];

%4187

world_points_87 = [
    180, 20, 0, 1;
    0, 80, 67, 1;
    48, 48, 48, 1;
    80, 100, 0, 1;
    20, 100, 0, 1;
    20, 160, 0, 1;
    180, 160, 0, 1;
    120, 180, 0, 1;
    120, 60, 0, 1;
];

image_points_87 = 1000 * [
0.4515, 1.0215;
2.3315, 0.2275;
1.7575, 0.4215;
1.7515, 1.1335;
2.2695, 0.9755;
2.7555, 1.2455;
0.8795, 1.9455;
1.8815, 1.7995;
1.1675, 1.0575;
];

%4189

world_points_89 = [
    180, 20, 0, 1;
    0, 80, 67, 1;
    32, 80, 48, 1;
    80, 100, 0, 1;
    64, 0, 0, 1;
    20, 160, 0, 1;
    180, 160, 0, 1;
    120, 180, 0, 1;
    120, 60, 0, 1;
];

image_points_89 = 1000 * [
0.2515, 1.2935;
1.8655, 0.2755;
1.7155, 0.4995;
1.6135, 1.1255;
1.0515, 0.8795;
2.4695, 1.0335;
1.4095, 1.9275;
2.1635, 1.5675;
1.0275, 1.1775;
];

%4197

world_points_97 = [
    180, 40, 0, 1;
    48, 16, 48, 1;
    32, 80, 67, 1;
    80, 100, 0, 1;
    64, 0, 0, 1;
    20, 160, 0, 1;
    180, 160, 0, 1;
    120, 140, 0, 1;
    120, 60, 0, 1;
];

image_points_97 = 1000 * [
2.0255, 2.0015;
0.5855, 1.0735;
0.9355, 0.5355;
1.4995, 1.1255;
0.6695, 1.6275;
1.4155, 0.6975;
2.6295, 1.1835;
2.0115, 1.0735;
1.5715, 1.5215;
];

% BELOW STUFF IS USED ONLY IN plot_both_sets.m

% Set 1
imagePathsSet1 = {'../data/DSCF4180.jpg', '../data/DSCF4181.jpg', '../data/DSCF4184.jpg', '../data/DSCF4187.jpg'};
maskPathsSet1 = {'data/DSCF4180Mask.jpg', 'data/DSCF4181Mask.jpg', 'data/DSCF4184Mask.jpg', 'data/DSCF4187Mask.jpg'};
world_points_list_Set1 = {world_points_80, world_points_81, world_points_84, world_points_87};
image_points_list_Set1 = {image_points_80, image_points_81, image_points_84, image_points_87};

% Set 2
imagePathsSet2 = {'../data/DSCF4180.jpg', '../data/DSCF4181.jpg', '../data/DSCF4189.jpg', '../data/DSCF4197.jpg'};
maskPathsSet2 = {'../data/DSCF4180Mask.jpg', '../data/DSCF4181Mask.jpg', '../data/DSCF4189Mask.jpg', '../data/DSCF4197Mask.jpg'};
world_points_list_Set2 = {world_points_80, world_points_81, world_points_89, world_points_97};
image_points_list_Set2 = {image_points_80, image_points_81, image_points_89, image_points_97};

pair80_81 = {
    1000*[
    1.1177, 0.9423;
    1.1177, 0.8730;
    1.1548, 0.8062;
    1.1325, 0.7493;
    1.1004, 0.6503;
    1.0929, 0.5761;
    1.1004, 0.5019;
    1.1548, 0.5241;
    1.1746, 0.6528;
    1.1845, 0.5934;
    1.1919, 0.4747;
    1.3404, 0.5835;
    1.6274, 0.8508;
    1.6175, 0.7864;
    2.0035, 0.2792;
    1.9021, 0.2866;
    1.7660, 0.2594;
    1.7462, 0.2049;
    1.8600, 0.2049;
    1.7239, 0.3237;
    1.6942, 0.3831;
    1.6150, 0.4450;
    1.4987, 0.4301;
    1.4220, 0.4895;
    1.6101, 0.3089;
    ],...
    1000*[
    1.0731, 1.1229;
    1.0657, 1.0487;
    1.0830, 0.9671;
    1.0608, 0.9151;
    1.0286, 0.8384;
    0.9890, 0.7691;
    0.9395, 0.7023;
    1.0385, 0.7023;
    1.0979, 0.8186;
    1.0954, 0.7567;
    1.0286, 0.6429;
    1.1672, 0.6949;
    1.3156, 0.8706;
    1.2983, 0.8112;
    1.4542, 0.2594;
    1.4047, 0.2866;
    1.3033, 0.3039;
    1.2711, 0.2594;
    1.3602, 0.2346;
    1.2884, 0.3683;
    1.2810, 0.4227;
    1.2637, 0.5093;
    1.1795, 0.5266;
    1.1647, 0.5909;
    1.2018, 0.3831;
    ]
};

pair80_84 = {
    1000*[
    
    ],...
    1000*[
    
    ]
};

pair80_87 = {
    1000*[
    
    ],...
    1000*[
    
    ]
};

pair81_84 = {
    1000*[
    0.9822,    0.6779;
    0.9243,    0.6737;
    0.9078,    0.7647;
    0.9450,    1.1284;
    0.8913,    0.8639;
    1.1393,    0.5167;
    1.3294,    0.1943;
    1.0070,    0.6076;
    0.9946,    0.7688;
    1.3212,    0.9218;
    ],...
    1000*[
    1.4328,    0.5993;
    1.3956,    0.6448;
    1.5072,    0.7440;
    1.3460,    1.4302;
    1.4782,    0.9383;
    0.9367,    0.5415;
    0.5813,    0.1364;
    1.2633,    0.5745;
    1.5444,    0.6779;
    0.9533,    1.1243;
    ]
};

pair81_87 = {
    1000*[
    
    ],...
    1000*[
    
    ]
};

pair84_87 = {
    1000*[
    1.2076,    0.7143;
    0.9956,    0.7143;
    1.0053,    0.8107;
    0.4366,    0.3143;
    0.4366,    0.1119;
    0.7932,    1.0372;
    1.2944,    1.0275;
    0.8703,    1.2348;
    0.7691,    0.7673;
    0.7161,    0.5505;
    ],...
    1000*[
    2.0158,    0.6365;
    1.7986,    0.7137;
    1.8324,    0.8102;
    0.7704,    0.4820;
    0.7994,    0.1731;
    1.4848,    1.2640;
    2.1172,    0.9261;
    1.5476,    1.4619;
    1.5379,    0.8827;
    1.4028,    0.6558;
    ]
};

set1Pairs = {pair80_81, pair80_84, pair80_87, pair81_84, pair81_87, pair84_87};

pair80_89 = {
    1000*[
    
    ],...
    1000*[
    
    ]
};

pair80_97 = {
    1000*[
    1.9637,    0.2363;
    1.8735,    0.2851;
    1.6293,    0.8525;
    1.6218,    0.7848;
    1.6368,    0.5105;
    1.6593,    0.5782;
    1.6443,    0.6834;
    1.4865,    0.5932;
    1.4452,    0.4504;
    1.3738,    0.6158;
    1.2310,    0.7473;
    1.2385,    0.6759;
    1.2611,    0.5970;
    1.1746,    0.6496;
    1.2686,    0.4805;
    1.1446,    0.4842;
    1.7007,    0.3866;
    1.6518,    0.4204;
    1.1183,    0.8750;
    1.1183,    0.9464;
    ],...
    1000*[
    2.5986,    0.5481;
    2.4559,    0.5481;
    2.1140,    1.0591;
    2.1140,    0.9840;
    2.1290,    0.6834;
    2.1290,    0.7736;
    2.1440,    0.8825;
    1.9223,    0.6909;
    1.9749,    0.5218;
    1.7983,    0.6496;
    1.6405,    0.6984;
    1.6518,    0.6421;
    1.6706,    0.5782;
    1.5917,    0.5819;
    1.7533,    0.4617;
    1.6781,    0.4129;
    2.2605,    0.5782;
    2.1966,    0.5970;
    1.5729,    0.7773;
    1.5616,    0.8374;
    ]
};

pair84_89 = {
    1000*[
    1.2044,    0.7214;
    1.2996,    0.7849;
    1.2163,    0.7809;
    0.7165,    0.5548;
    0.6173,    0.4874;
    0.6609,    0.7532;
    0.8513,    1.1736;
    1.2916,    1.0189;
    0.9902,    0.7056;
    0.9981,    0.8008;
    0.4309,    0.1106;
    0.4943,    0.3168;
    0.5538,    0.3763;
    0.7641,    0.6699;
    0.9029,    0.8246;
    1.0060,    0.5985;
    1.2520,    0.6064;
    0.8037,    1.0467;
    0.7641,    0.7611;
    0.9029,    0.6699;
    ],...
    1000*[
    2.0135,    0.5548;
    2.0968,    0.5786;
    2.0334,    0.6064;
    1.6526,    0.6183;
    1.5455,    0.5866;
    1.7081,    0.8682;
    1.7795,    1.3045;
    2.0929,    0.8087;
    1.9025,    0.6342;
    1.9461,    0.7175;
    1.1925,    0.1820;
    1.2996,    0.4676;
    1.4265,    0.4914;
    1.7557,    0.7095;
    1.8945,    0.7928;
    1.8073,    0.5628;
    1.9620,    0.4676;
    1.7478,    1.1736;
    1.7755,    0.8047;
    1.8192,    0.6500;
    ]
};

pair84_97 = {
    1000*[
    
    ],...
    1000*[
    
    ]
};

