%4180

world_points_80 = [
    0,0,0,1;
    64,0,0,1;
    0,0,29,1;
    48,16,29,1;
    140,40,0,1;
    140,60,0,1;
    32,48,67,1;
    180,100,0,1;
    180,140,0,1;

];

image_points_80 = 1000*[
    0.7435,    2.1075;
    1.4915,    1.8755;
    0.6995,   1.8395;
    1.2235,    1.3595;
    2.0395,    1.3715;
    1.9395,    1.2675;
    0.9035,    0.9835;
    2.0555,    1.0075;
    1.8955,    0.8635;
];

%4181

world_points_81 = [
    0,0,0,1;
    0,64,0,1;
    0,0,29,1;
    0,80,29,1;
    140,40,0,1;
    140,60,0,1;
    32,48,67,1;
    180,100,0,1;
    180,140,0,1;

];

image_points_81 = 1000*[
    1.9595,    2.0395;
    1.2955,    1.8275;
    1.9715,    1.7875;
    1.1035,    1.5395;
    1.9835,    1.0795;
    1.8275,    1.0475;
    1.5475,    1.0795;
    1.6475,    0.8475;
    1.3875,    0.8035;
];

%4184

world_points_84 = [
    64,64,0,1;
    0,64,19,1;
    64,64,29,1;
    32,80,67,1;
    40,120,0,1;
    180,140,0,1;
    120,180,0,1;
    60,160,0,1;
    140,100,0,1;

];

image_points_84 = 1000*[
    1.9795,    0.9995;
    2.6555,    0.9355;
    1.9835,    0.7475;
    2.2915,    0.4515;
    1.9915,    1.3835;
    0.5555,    1.1515;
    0.7715,    1.5555;
    1.5555,    1.6195;
    1.1155,    1.0395;
];

%4187

world_points_87 = [
    180, 20, 0, 1;
    0, 80, 67, 1;
    48, 48, 48, 1;
    80, 100, 0, 1;
    20, 100, 0, 1;
    20, 160, 0, 1;
    180, 160, 0, 1;
    120, 180, 0, 1;
    120, 60, 0, 1;
];

image_points_87 = 1000 * [
0.4515, 1.0215;
2.3315, 0.2275;
1.7575, 0.4215;
1.7515, 1.1335;
2.2695, 0.9755;
2.7555, 1.2455;
0.8795, 1.9455;
1.8815, 1.7995;
1.1675, 1.0575;
];

%4189

world_points_89 = [
    180, 20, 0, 1;
    0, 80, 67, 1;
    32, 80, 48, 1;
    80, 100, 0, 1;
    64, 0, 0, 1;
    20, 160, 0, 1;
    180, 160, 0, 1;
    120, 180, 0, 1;
    120, 60, 0, 1;
];

image_points_89 = 1000 * [
0.2515, 1.2935;
1.8655, 0.2755;
1.7155, 0.4995;
1.6135, 1.1255;
1.0515, 0.8795;
2.4695, 1.0335;
1.4095, 1.9275;
2.1635, 1.5675;
1.0275, 1.1775;
];

%4197

world_points_97 = [
    180, 40, 0, 1;
    48, 16, 48, 1;
    32, 80, 67, 1;
    80, 100, 0, 1;
    64, 0, 0, 1;
    20, 160, 0, 1;
    180, 160, 0, 1;
    120, 140, 0, 1;
    120, 60, 0, 1;
];

image_points_97 = 1000 * [
2.0255, 2.0015;
0.5855, 1.0735;
0.9355, 0.5355;
1.4995, 1.1255;
0.6695, 1.6275;
1.4155, 0.6975;
2.6295, 1.1835;
2.0115, 1.0735;
1.5715, 1.5215;
];

% BELOW STUFF IS USED ONLY IN plot_both_sets.m

% Set 1
imagePathsSet1 = {'../data/DSCF4180.jpg', '../data/DSCF4181.jpg', '../data/DSCF4184.jpg', '../data/DSCF4187.jpg'};
maskPathsSet1 = {'data/DSCF4180Mask.jpg', 'data/DSCF4181Mask.jpg', 'data/DSCF4184Mask.jpg', 'data/DSCF4187Mask.jpg'};
world_points_list_Set1 = {world_points_80, world_points_81, world_points_84, world_points_87};
image_points_list_Set1 = {image_points_80, image_points_81, image_points_84, image_points_87};

% Set 2
imagePathsSet2 = {'../data/DSCF4180.jpg', '../data/DSCF4181.jpg', '../data/DSCF4189.jpg', '../data/DSCF4197.jpg'};
maskPathsSet2 = {'../data/DSCF4180Mask.jpg', '../data/DSCF4181Mask.jpg', '../data/DSCF4189Mask.jpg', '../data/DSCF4197Mask.jpg'};
world_points_list_Set2 = {world_points_80, world_points_81, world_points_89, world_points_97};
image_points_list_Set2 = {image_points_80, image_points_81, image_points_89, image_points_97};